datum_lat = 43.064347
datum_lon = -89.414055
lat_north = 43.070
lat_south = 43.059
lon_west = -89.425
lon_east = -89.4095

