datum_lat = 43.071545
datum_long = -89.408355
lat_north = 43.072490
lat_south = 43.071033
lon_west = -89.409532
lon_east = -89.406738

